
[1.  0.8 0.  0. ]

[ 0.97327726  0.75624721 -0.78088516 -1.30197239]

[ 0.89651569  0.6196209  -1.44881841 -2.7799393 ]

[ 0.78762062  0.36797176 -1.59832924 -4.7497145 ]

[ 0.72240741 -0.0196492   0.03517092 -6.26055761]

[ 0.78678051 -0.39495454  1.48408346 -4.49585635]

[ 0.8850923  -0.63050611  1.27457145 -2.55575649]

[ 0.95031301 -0.75183879  0.61967115 -1.06986186]

[ 0.96721011 -0.77901772 -0.1251927   0.25865714]

[ 0.93380351 -0.71624778 -0.84855514  1.61127541]

[ 0.85578714 -0.55525782 -1.39970007  3.20461957]

[ 0.76062069 -0.26900527 -1.16252497  5.31607877]

[0.74537863 0.13559453 0.88656603 5.94150792]

[0.84558473 0.46493471 1.70117703 3.695311  ]

[0.9478806  0.64807731 1.22558212 1.80326885]

[1.00575167 0.71774443 0.46186394 0.28361182]

[ 1.00931679  0.6878683  -0.35717762 -1.17577947]

[ 0.95859949  0.5532274  -1.11318676 -2.8708306 ]

[ 0.8687845   0.28086683 -1.34770028 -5.32884641]

[ 0.82489168 -0.14206918  0.29090377 -6.2240544 ]

[ 0.87370508 -0.47715404  0.8219318  -3.68384435]

[ 0.91491807 -0.66041545  0.33465805 -1.82978748]

[ 0.91570749 -0.73375682 -0.31758071 -0.36526577]

[ 0.87240902 -0.71169384 -0.94607637  1.01809354]

[ 0.79108814 -0.59359066 -1.40582575  2.4959361 ]

[ 0.69376149 -0.36773812 -1.31226477  4.20253638]

[ 0.64535306 -0.03143264  0.14943903  5.46393179]

[0.72142008 0.31392198 1.87148635 4.33649249]

[0.86128405 0.5373789  2.04670969 2.27649526]

[0.98227726 0.62919565 1.45518373 0.47228473]

[ 1.05277242  0.60365778  0.59476894 -1.23634987]

[ 1.05940331  0.45472947 -0.42504442 -3.26453628]

[ 0.99327995  0.13742335 -1.46805106 -6.18482507]

[ 0.89399677 -0.2798839  -1.28480546 -5.07383658]

[ 0.81070797 -0.53481567 -1.26119679 -2.65889096]

[ 0.71655216 -0.6600146  -1.53717815 -1.11887133]

[ 0.60110958 -0.69395095 -1.86979055  0.07945109]

[ 0.46317572 -0.65384689 -2.19786226  1.06854412]

[ 0.30292119 -0.55486612 -2.53492469  1.79735491]

[ 0.11831077 -0.41931138 -2.91904316  2.12204886]

[-0.09249718 -0.27815191 -3.27851998  1.96996572]

[-0.3201908  -0.15847928 -3.37400375  1.54683091]

[-0.54017771 -0.06611224 -3.0440059   1.21619238]

[-0.72451268  0.01218881 -2.34354341  1.13191569]

[-0.8526645   0.09128753 -1.40753382  1.2218524 ]

[-0.91220837  0.18000246 -0.32948604  1.40986714]

[-0.89469194  0.2851077   0.86877167  1.72057828]

[-0.79008921  0.42056468  2.26358746  2.36851559]

[-0.58025619  0.62922485  3.92983235  4.03348602]

[-0.31263301  0.95269124  3.19600817  4.65380374]

[-0.1697292   1.184685    1.22425224  2.16606826]

[-0.12805226  1.25408579  0.06153062 -0.07895476]

[-0.16172551  1.17467501 -1.11679544 -2.29139082]

[-0.29905817  0.93873517 -3.14773676 -4.60528067]

[-0.56807019  0.62709909 -4.02858069 -3.77968271]

[-0.78467773  0.43905353 -2.33279914 -2.01444805]

[-0.89040404  0.33086973 -0.83108409 -1.26918529]

[-0.90177011  0.26022651  0.47160365 -0.83710688]

[-0.82943823  0.21646253  1.63884769 -0.44839885]

[-0.68365906  0.20151082  2.62017866  0.03174475]

[-0.48215458  0.22493987  3.24516262  0.69201186]

[-0.25661458  0.29824529  3.30449852  1.46940845]

[-0.04671066  0.41944082  2.81660559  2.03794879]

[0.11952703 0.56284836 2.06990431 2.10114573]

[0.23354173 0.69350463 1.29809981 1.69032201]

[0.2963109  0.78594773 0.5582946  1.00743832]

[ 0.30955506  0.82770572 -0.16819751  0.21619737]

[ 0.27289792  0.81521269 -0.92255684 -0.57719951]

[ 0.18219165  0.75182476 -1.77973798 -1.26193956]

[ 0.02620238  0.65130377 -2.87497299 -1.61785181]

[-0.21448642  0.55151952 -4.23821385 -1.11491528]

[-0.53045906  0.53461728 -4.7376283   0.81989247]

[-0.79642018  0.65972478 -2.74758554  2.63235181]

[-0.87863486  0.85291289  0.38515324  2.8059398 ]

[-0.74005362  1.00641316  3.69561133  1.43739484]

[-0.41295607  1.00357389  5.20038224 -1.68560758]

[-0.13806283  0.82084702  2.71722145 -3.22502949]

[-0.02466923  0.60079027  0.83977771 -3.17946302]

[-1.39600681e-03  3.93421726e-01 -2.78045771e-02 -2.93860631e+00]

[-0.01591003  0.20105552 -0.33601707 -2.75005123]

[-0.04134262  0.01833887 -0.3933046  -2.65877589]

[-0.06886722 -0.16253895 -0.43387789 -2.70564593]

[-0.10503702 -0.35369201 -0.6945428  -2.98438269]

[-0.17698682 -0.57656285 -1.59107093 -3.67616419]

[-0.35229907 -0.85642882 -3.76188516 -4.3642264 ]

[-0.63071421 -1.07836035 -3.64001203 -1.67613281]

[-0.795376   -1.08795617 -1.12994193  1.21345584]

[-0.77177988 -0.93285014  1.9645481   3.208967  ]

[-0.52624094 -0.70253088  4.82832087  2.93636478]

[-0.21719446 -0.57758364  3.91997038  0.94935741]

[ 2.43422744e-03 -5.39865345e-01  2.64871958e+00  3.35321760e-01]

[ 0.15314384 -0.51761318  1.86426147  0.38738423]

[ 0.26272245 -0.48102241  1.41633537  0.72614848]

[ 0.35152731 -0.41536693  1.25281845  1.2350297 ]

[ 0.44061246 -0.310371    1.4504569   1.88610844]

[ 0.56267314 -0.15663789  2.30392903  2.66123477]

[0.78125382 0.04327891 4.33013791 3.01380019]

[1.108514   0.18643216 4.4473697  0.81946488]

[ 1.3081586   0.16426004  1.29646984 -1.23995059]

[ 1.27480804  0.0418863  -2.37136735 -2.22042521]

[ 0.99116808 -0.1003838  -5.44424648 -1.51991312]

[ 0.65821111 -0.13629581 -4.00206178  0.2599891 ]

[ 0.44035066 -0.09369224 -2.5814076   0.86794384]

[ 0.2919541  -0.02869167 -1.88066792  1.00842109]

[ 0.17701731  0.0397993  -1.55508503  1.0005069 ]

[ 0.07629587  0.10657141 -1.44464733  0.97379111]

[-0.02216275  0.17339751 -1.48134183  1.01647166]

[-0.12730125  0.24823081 -1.64012884  1.23128403]

[-0.24741527  0.34835707 -1.92647888  1.80831178]

[-0.39169247  0.51136587 -2.34264178  3.19430012]

[-0.55337386  0.8044623  -2.1012536   5.26472159]

[-0.62528803  1.10896458  0.00588142  3.02111305]

[-0.57226377  1.19205895  1.42151628 -0.57878136]

[-0.45200417  1.02415587  1.88657342 -4.36455664]

[-0.36637751  0.67611639  0.46043119 -4.89707443]

[-0.36756378  0.41308925 -0.28970864 -2.96283421]

[-0.3896702   0.25491986 -0.30302917 -1.81837047]

[-0.40413745  0.15525855 -0.10620186 -1.18132625]

[-0.40280225  0.08855921  0.14907355 -0.82169095]

[-0.38399346  0.03991466  0.40197669 -0.63751367]

[-0.34916173 -0.00074587  0.61699996 -0.58078555]

[-0.30171847 -0.04118502  0.77099525 -0.62834625]

[-0.24632894 -0.08802113  0.84947262 -0.76781846]

[-0.18851162 -0.14714718  0.84019025 -0.98913701]

[-0.13488353 -0.22373586  0.72022137 -1.28106495]

[-0.09453731 -0.32224978  0.43523185 -1.63548619]

[-0.08221306 -0.44713072 -0.13480368 -2.0637719 ]

[-0.12501739 -0.60491389 -1.25588185 -2.61723094]

[-0.27709094 -0.80350606 -3.43730947 -3.17590691]

[-0.57168006 -0.98725457 -4.43603003 -1.66465412]

[-0.783274   -1.00656241 -1.59406334  0.92754146]

[-0.77826109 -0.88581202  1.81175858  2.44671572]

[-0.54118994 -0.71869105  4.77805907  1.97803499]

[-0.23404937 -0.65422042  3.76606496  0.09191068]

[-0.04369384 -0.67273067  1.91792559 -0.46253978]

[ 0.03465581 -0.70303824  0.43222668 -0.37795078]

[ 0.0163319  -0.72064936 -0.99105998 -0.14117755]

[-0.10685989 -0.72566943 -2.73628408 -0.06756551]

[-0.36924587 -0.74665817 -4.9920226  -0.75064536]

[-0.70106718 -0.83560013 -3.81433467 -1.58415732]

[-0.83718302 -0.9205384  -0.24269057 -0.77447448]

[-0.73754468 -0.92983892  3.2094121   0.5602742 ]

[-0.42740315 -0.84580072  5.11841427  1.70299082]

[-0.15689721 -0.73592112  2.7248422   1.45957861]

[-0.04049008 -0.64582128  0.84881851  1.22194563]

[-0.02925286 -0.56960452 -0.46105406  1.01224255]

[-0.09842416 -0.51301772 -1.56198081  0.60412733]

[-0.2396787  -0.49845432 -2.59356533 -0.28800968]

[-0.44403332 -0.57368741 -3.30742636 -2.1281553 ]

[-0.64250979 -0.79683121 -1.99768486 -4.14617084]

[-0.66958854 -1.04438216  1.1218041  -2.55607195]

[-0.52440022 -1.10141019  2.8458539   1.01468348]

[-0.34224163 -0.91203545  1.9879509   4.17147719]

[-0.29140748 -0.62897344 -0.34178203  3.65016007]

[-0.35348768 -0.44027068 -1.27526984  1.93500148]

[-0.44488856 -0.36044267 -1.32677602  0.45739024]

[-0.52385046 -0.3765581  -0.94569244 -0.9501818 ]

[-0.56557225 -0.49691483 -0.22216069 -2.70240014]

[-0.54333235 -0.75753645  0.94437101 -4.91831991]

[-0.45415663 -1.06575445  1.39316402 -3.23181412]

[-0.37788349 -1.15684922  0.77695295  0.49903853]

[-0.36299424 -1.00466135 -0.49791449  3.89304777]

[-0.45497211 -0.69654938 -1.95599941  4.26700168]

[-0.57637099 -0.49027605 -1.41172134  1.87054391]

[-0.6356836  -0.42611964 -0.31489783  0.10459448]

[-0.61738622 -0.47362333  0.86285051 -1.55134729]

[-0.52001649 -0.65074589  1.936531   -3.79284745]

[-0.39337535 -0.95337302  1.36718195 -4.25113454]

[-0.35241339 -1.13677355 -0.06486404 -1.00642712]

[-0.39311211 -1.08620907 -1.12062405  2.52377926]

[-0.49781022 -0.814833   -1.73491203  4.79396157]

[-0.58432373 -0.55042918 -0.68693138  2.74287256]

[-0.59228928 -0.43484092  0.40613821  0.76398272]

[-0.53551819 -0.44160361  1.216309   -0.98296319]

[-0.43855233 -0.57762124  1.49897117 -3.12803393]

[-0.36856903 -0.85765766  0.22901905 -4.64040902]

[-0.41451525 -1.09957604 -1.33054169 -1.97284672]

[-0.51400493 -1.10275922 -1.39116142  1.90316721]

[-0.57133971 -0.85905888 -0.05597845  4.73100462]

[-0.52124281 -0.57974479  1.29844387  3.01720869]

[-0.42159646 -0.45372925  1.52341535  0.81752149]

[-0.32638143 -0.45683161  1.20664153 -0.85863469]

[-0.27091221 -0.56738274  0.30271398 -2.40124007]

[-0.30914634 -0.77859037 -1.63231221 -3.68750231]

[-0.4892502  -1.00452357 -3.20726024 -2.27946198]

[-0.66375015 -1.0420541  -1.55101894  1.11171848]

[-0.66841274 -0.88111816  1.53804729  3.29322571]

[-0.47891944 -0.67292609  3.4742017   2.2591664 ]

[-0.26919268 -0.59578624  2.46240606  0.17551501]

[-0.15704155 -0.62575543  0.81357877 -0.93283171]

[-0.16518567 -0.71128717 -1.13289065 -1.54300315]

[-0.32548938 -0.82914881 -3.66567717 -1.84685618]

[-0.61174156 -0.92799666 -3.84861128 -0.74097635]

[-0.76403844 -0.91897555 -0.5015287   0.90385749]

[-0.67551808 -0.82487144  3.08208516  1.65963239]

[-0.39794135 -0.73864619  4.2565338   0.60494715]

[-0.18096736 -0.73688719  2.00515477 -0.35573287]

[-0.12450993 -0.76825203 -0.32092449 -0.49846469]

[-0.22875692 -0.80094942 -2.8296441  -0.47707019]

[-0.5010995  -0.83683019 -4.68877281 -0.57590586]

[-0.74391097 -0.86514386 -1.958264   -0.15322393]

[-0.75267242 -0.85355054  1.69515743  0.47035606]

[-0.5253684  -0.81325607  4.58318061  0.54962051]

[-0.24790233 -0.79370315  2.98689819  0.08772677]

[-0.13549551 -0.78888115  0.39025875  0.1059482 ]

[-0.19178218 -0.77880354 -2.0800185   0.14899236]

[-0.4188213  -0.7823042  -4.41418903 -0.39895465]

[-0.69212362 -0.8342994  -2.82479484 -0.92408592]

[-0.76093848 -0.88071059  0.81176156 -0.33666505]

[-0.58666351 -0.87263839  4.11882454  0.57383556]

[-0.30164123 -0.81750054  3.4166212   0.8970624 ]

[-0.16195291 -0.76017957  0.75899833  0.77671098]

[-0.19059887 -0.71673919 -1.58276312  0.4352839 ]

[-0.3745671  -0.71834488 -3.74000062 -0.66386664]

[-0.63379735 -0.81573963 -3.10469673 -1.96057561]

[-0.72998343 -0.93104385  0.34920292 -1.14745948]

[-0.59409935 -0.94589317  3.4606386   0.82811944]

[-0.34125761 -0.83186347  3.16363982  2.14738631]

[-0.21367044 -0.6991284   0.64739697  1.62439897]

[-0.23956875 -0.62215005 -1.32626309  0.57044697]

[-0.3834366  -0.63706214 -2.81009475 -1.15994967]

[-0.58226884 -0.78916883 -2.51919024 -3.11226437]

[-0.66052803 -0.98259232  0.33759993 -2.02765147]

[-0.55293812 -1.02056754  2.57494778  1.05376174]

[-0.37307448 -0.85416779  2.1347323   3.34639012]

[-0.30302129 -0.64789639  0.00725373  2.39549615]

[-0.35018013 -0.54663141 -1.24985286  0.54504424]

[-0.4556075  -0.58187617 -1.73491573 -1.66615303]

[-0.56002203 -0.77647828 -1.05833684 -3.87009788]

[-0.56732953 -1.01717815  0.82199513 -2.45897349]

[-0.47599138 -1.06041958  1.6154077   1.24812712]

[-0.38923951 -0.86849698  0.62342073  3.90954885]

[-0.40362544 -0.628868   -0.85894719  2.6513762 ]

[-0.47558233 -0.52966451 -1.09705943  0.28107749]

[-0.53584988 -0.59091653 -0.57683769 -2.11760862]

[-0.53931433 -0.81205157  0.5527911  -4.09050327]

[-0.47315489 -1.04263986  1.16384058 -2.00502034]

[-0.40785084 -1.05248536  0.60875805  1.68734728]

[-0.41148873 -0.8421119  -0.800828    3.96406692]

[-0.49391508 -0.6163238  -1.31763523  2.24656839]

[-0.56163487 -0.54880295 -0.57157671 -0.2123916 ]

[-0.56212232 -0.64364261  0.60245021 -2.60138004]

[-0.48448788 -0.88113569  1.47855748 -3.82216385]

[-0.40175682 -1.0589053   0.78393407 -1.02744505]

[-0.38901494 -1.01059643 -0.4715905   2.38111646]

[-0.46635774 -0.78023367 -1.61535879  3.68505673]

[-0.5625395  -0.59812571 -0.98461194  1.48755489]

[-0.58684273 -0.57819855  0.29566668 -0.87787951]

[-0.52327586 -0.71845159  1.50214338 -3.21827778]

[-0.41817356 -0.95799708  1.23196959 -3.04267191]

[-0.37932987 -1.06056816 -0.09532158  0.15267472]

[-0.43006598 -0.93924501 -1.36310655  3.23658676]

[-0.53453078 -0.70184168 -1.35140127  2.99293247]

[-0.58467382 -0.57936537 -0.08359597  0.60349239]

[-0.54749849 -0.61911444  1.1326598  -1.79962295]

[-0.44966138 -0.81683302  1.46318804 -3.692036  ]

[-0.39030644 -1.02448028  0.18336927 -1.82850849]

[-0.41944152 -1.03311687 -0.97080141  1.6026611 ]

[-0.50559292 -0.83206191 -1.32232747  3.73613932]

[-0.5624911  -0.62597959 -0.24621493  1.96595753]

[-0.54076928 -0.57600572  0.82425926 -0.4891152 ]

[-0.46435538 -0.69401125  1.25707484 -2.96050894]

[-0.40605837 -0.93070665  0.23351608 -3.28305011]

[-0.43251842 -1.05645843 -0.87123936 -0.17013505]

[-0.50317346 -0.94849791 -1.02931157  3.16886637]

[-0.54336534 -0.70858771 -0.03419025  3.11190332]

[-0.51261336 -0.57903288  0.8369536   0.65454974]

[-0.4454461  -0.61953669  1.00525161 -1.84374806]

[-0.40249042 -0.81606942  0.04015811 -3.60250161]

[-0.44750034 -1.018331   -1.18266371 -1.73619848]

[-0.52862714 -1.0149922  -0.97278937  1.83210009]

[-0.55131091 -0.80895044  0.4107815   3.57239449]

[-0.48706811 -0.62294013  1.26672251  1.59732106]

[-0.40421368 -0.59925137  1.02763474 -0.85745317]

[-0.36922941 -0.73099671 -0.17145801 -2.89815701]

[-0.43976494 -0.94129422 -1.76293733 -2.65681792]

[-0.5588641  -1.02100104 -1.37195766  0.47965065]

[-0.58939546 -0.88979658  0.61711119  3.02954392]

[-0.48930047 -0.69319039  1.97620317  2.17805966]

[-0.36763908 -0.62509305  1.38981218 -0.13653042]

[-0.32206863 -0.70015311 -0.18020424 -1.97531885]

[-0.4050027  -0.86769117 -2.21215517 -2.59757147]

[-0.56983625 -0.98343878 -2.08056718 -0.45051772]

[-0.63407078 -0.92369883  0.37311176  2.01880564]

[-0.5232562  -0.76189222  2.55689651  2.2087478 ]

[-0.35618775 -0.6752336   1.96932136  0.28555841]

[-0.28473665 -0.71153843  0.02940004 -1.23836217]

[-0.36246023 -0.82611312 -2.31908121 -1.95785399]

[-0.55730038 -0.93295124 -2.76861955 -0.81985371]

[-0.66343963 -0.91871479 -0.11058283  1.14704619]

[-0.56796921 -0.80738657  2.70673439  1.78268084]

[-0.36917898 -0.72631763  2.54877504  0.44471559]

[-0.26708551 -0.7402987   0.34788308 -0.73500867]

[-0.32946761 -0.81186521 -2.19338077 -1.27515856]

[-0.53349129 -0.89033399 -3.20341983 -0.79019489]

[-0.67405076 -0.89777832 -0.59513813  0.55991757]
