
[0.2 0.5 0.  0. ]

[ 0.19995193  0.49987982 -0.01371284 -0.03428207]

[ 0.19980795  0.49951987 -0.02737401 -0.06843498]

[ 0.19956844  0.49892111 -0.04097713 -0.10244276]

[ 0.19923385  0.49808461 -0.05451586 -0.13628955]

[ 0.19880462  0.49701156 -0.06798391 -0.16995965]

[ 0.1982813   0.49570325 -0.08137505 -0.20343748]

[ 0.19766443  0.49416107 -0.09468311 -0.2367076 ]

[ 0.19695462  0.49238654 -0.10790197 -0.26975473]

[ 0.19615251  0.49038128 -0.12102558 -0.30256374]

[ 0.1952588   0.488147   -0.13404797 -0.33511968]

[ 0.19427421  0.48568553 -0.14696321 -0.36740775]

[ 0.19319952  0.4829988  -0.15976546 -0.39941335]

[ 0.19203553  0.48008884 -0.17244895 -0.43112205]

[ 0.19078311  0.47695778 -0.18500799 -0.46251961]

[ 0.18944313  0.47360785 -0.19743697 -0.49359201]

[ 0.18801654  0.47004137 -0.20973034 -0.52432541]

[ 0.1865043   0.46626077 -0.22188266 -0.55470619]

[ 0.18490741  0.46226856 -0.23388858 -0.58472094]

[ 0.18322693  0.45806736 -0.24574281 -0.61435647]

[ 0.18146393  0.45365987 -0.25744018 -0.64359985]

[ 0.17961954  0.44904888 -0.2689756  -0.67243835]

[ 0.17769489  0.44423728 -0.28034408 -0.70085949]

[ 0.17569119  0.43922803 -0.29154072 -0.72885104]

[ 0.17360965  0.43402418 -0.30256074 -0.75640102]

[ 0.17145153  0.42862888 -0.31339944 -0.78349771]

[ 0.1692181   0.42304533 -0.32405225 -0.81012964]

[ 0.1669107   0.41727682 -0.33451468 -0.83628563]

[ 0.16453066  0.41132675 -0.34478236 -0.86195474]

[ 0.16207938  0.40519854 -0.35485105 -0.88712636]

[ 0.15955825  0.39889573 -0.36471661 -0.91179012]

[ 0.15696872  0.39242191 -0.37437501 -0.93593598]

[ 0.15431225  0.38578074 -0.38382235 -0.95955417]

[ 0.15159033  0.37897596 -0.39305485 -0.98263524]

[ 0.14880448  0.37201135 -0.40206886 -1.00517004]

[ 0.14595625  0.36489079 -0.41086086 -1.02714977]

[ 0.1430472   0.35761818 -0.41942744 -1.04856592]

[ 0.14007892  0.35019751 -0.42776534 -1.06941032]

[ 0.13705303  0.3426328  -0.43587145 -1.08967517]

[ 0.13397116  0.33492816 -0.4437428  -1.10935303]

[ 0.13083497  0.3270877  -0.45137656 -1.12843682]

[ 0.12764612  0.31911563 -0.45877008 -1.14691987]

[ 0.12440632  0.31101617 -0.46592086 -1.1647959 ]

[ 0.12111728  0.30279359 -0.47282659 -1.18205909]

[ 0.1177807   0.29445222 -0.47948515 -1.19870409]

[ 0.11439835  0.28599639 -0.48589465 -1.21472604]

[ 0.11097195  0.2774305  -0.49205341 -1.23012067]

[ 0.10750329  0.26875894 -0.49796004 -1.24488433]

[ 0.10399413  0.25998615 -0.50361346 -1.2590141 ]

[ 0.10044624  0.25111658 -0.50901297 -1.2725079 ]

[ 0.09686141  0.24215469 -0.51415833 -1.28536468]

[ 0.09324141  0.23310495 -0.51904987 -1.29758458]

[ 0.08958802  0.22397181 -0.52368867 -1.30916936]

[ 0.08590301  0.21475971 -0.52807678 -1.32012267]

[ 0.08218812  0.20547305 -0.53221765 -1.33045088]

[ 0.07844507  0.19611619 -0.53611661 -1.34016385]

[ 0.07467553  0.18669338 -0.53978178 -1.34927634]

[ 0.07088108  0.17720876 -0.54322551 -1.35781012]

[ 0.06706323  0.16766629 -0.54646652 -1.36579698]

[ 0.0632233   0.15806963 -0.54953395 -1.37328371]

[ 0.05936235  0.14842208 -0.55247389 -1.38033973]

[ 0.05548105  0.1387263  -0.55536151 -1.38706921]

[ 0.05157934  0.12898407 -0.55832313 -1.39363003]

[ 0.04765603  0.11919579 -0.56157776 -1.400262  ]

[ 0.04370781  0.10935979 -0.56551528 -1.40732225]

[ 0.03972769  0.09947141 -0.57083712 -1.41530355]

[ 0.03570205  0.0895223  -0.57877013 -1.42472943]

[ 0.03160631  0.0795017  -0.5912038  -1.43560506]

[ 0.02740183  0.0694047  -0.61000914 -1.44592023]

[ 0.02304451  0.05925272 -0.6341985  -1.45013464]

[ 0.01851724  0.04911028 -0.65701699 -1.44279183]

[ 0.01385869  0.03905444 -0.67087964 -1.4266666 ]

[ 0.00913814  0.02911767 -0.6752221  -1.41005305]

[ 0.00440832  0.01928414 -0.67430611 -1.39747482]

[-3.08518772e-04  9.52382129e-03 -6.72008097e-01 -1.38898116e+00]

[-5.01084337e-03 -1.87752235e-04 -6.70352765e-01 -1.38336774e+00]

[-0.00970524 -0.00986732 -0.66966625 -1.37974766]

[-0.01439503 -0.01952745 -0.66870598 -1.37780511]

[-0.01906981 -0.02917969 -0.66486464 -1.37745769]

[-0.02369852 -0.03883281 -0.6551147  -1.3777407 ]

[-0.02823352 -0.04848216 -0.63819871 -1.37577515]

[-0.03263119 -0.05810011 -0.61663901 -1.36843614]

[-0.03687555 -0.0676463  -0.59520099 -1.35556703]

[-0.04098035 -0.07708998 -0.57708965 -1.33965813]

[-0.04497193 -0.08641885 -0.56280409 -1.32308797]

[-0.04887441 -0.09563285 -0.55147562 -1.30695779]

[-0.0527048  -0.10473609 -0.54207366 -1.29146474]

[-0.0564737  -0.11373257 -0.53382146 -1.2764473 ]

[-0.06018727 -0.12262481 -0.5262134  -1.26167291]

[-0.06384883 -0.13141376 -0.51893678 -1.24693851]

[-0.06745998 -0.14009915 -0.51180035 -1.23209069]

[-0.07102125 -0.14867978 -0.50468644 -1.21702024]

[-0.07453254 -0.15715379 -0.49752177 -1.20165159]

[-0.0779933  -0.16551892 -0.49026015 -1.18593339]

[-0.08140276 -0.17377258 -0.48287224 -1.16983139]

[-0.08475994 -0.18191201 -0.47533942 -1.15332335]

[-0.0880638  -0.18993429 -0.46765009 -1.1363956 ]

[-0.09131322 -0.19783647 -0.45979729 -1.11904057]

[-0.09450702 -0.20561554 -0.45177723 -1.10125512]

[-0.09764403 -0.21326847 -0.44358838 -1.08303939]

[-0.10072308 -0.22079227 -0.43523076 -1.06439598]

[-0.10374297 -0.22818394 -0.42670555 -1.04532935]

[-0.10670255 -0.23544055 -0.4180148  -1.02584539]

[-0.10960066 -0.2425592  -0.4091612  -1.00595116]

[-0.11243617 -0.24953703 -0.40014793 -0.98565458]

[-0.11520797 -0.25637125 -0.39097858 -0.96496432]

[-0.11791499 -0.26305915 -0.38165704 -0.94388968]

[-0.12055617 -0.26959806 -0.37218745 -0.92244042]

[-0.12313049 -0.27598539 -0.36257418 -0.90062675]

[-0.12563697 -0.28221863 -0.35282175 -0.87845924]

[-0.12807463 -0.28829533 -0.34293484 -0.85594877]

[-0.13044256 -0.29421313 -0.33291825 -0.83310651]

[-0.13273986 -0.29996975 -0.3227769  -0.80994384]

[-0.13496568 -0.30556298 -0.31251578 -0.7864724 ]

[-0.13711919 -0.31099069 -0.30214    -0.76270398]

[-0.13919962 -0.31625086 -0.2916547  -0.73865055]

[-0.1412062  -0.32134151 -0.28106511 -0.71432426]

[-0.14313824 -0.3262608  -0.27037651 -0.68973737]

[-0.14499504 -0.33100692 -0.25959424 -0.66490227]

[-0.14677599 -0.3355782  -0.24872365 -0.63983147]

[-0.14848047 -0.33997301 -0.23777017 -0.61453757]

[-0.15010792 -0.34418984 -0.22673925 -0.58903328]

[-0.15165783 -0.34822727 -0.21563636 -0.56333138]

[-0.1531297  -0.35208395 -0.204467   -0.53744471]

[-0.15452309 -0.35575862 -0.19323669 -0.51138618]

[-0.15583759 -0.35925015 -0.18195098 -0.48516876]

[-0.15707283 -0.36255745 -0.17061542 -0.45880546]

[-0.15822849 -0.36567954 -0.15923558 -0.43230933]

[-0.15930427 -0.36861555 -0.14781702 -0.40569344]

[-0.16029992 -0.37136469 -0.13636532 -0.3789709 ]

[-0.16121523 -0.37392624 -0.12488607 -0.35215481]

[-0.16205003 -0.3762996  -0.11338483 -0.3252583 ]

[-0.16280417 -0.37848426 -0.10186718 -0.2982945 ]

[-0.16347757 -0.38047978 -0.09033867 -0.27127652]

[-0.16407017 -0.38228583 -0.07880485 -0.24421746]

[-0.16458194 -0.38390218 -0.06727126 -0.21713041]

[-0.16501292 -0.38532867 -0.05574342 -0.19002841]

[-0.16536316 -0.38656524 -0.04422683 -0.16292451]

[-0.16563276 -0.38761192 -0.03272696 -0.13583167]

[-0.16582185 -0.38846884 -0.02124927 -0.10876284]

[-0.16593061 -0.38913621 -0.00979917 -0.08173089]

[-0.16595925 -0.38961433  0.00161793 -0.05474866]

[-0.16590802 -0.3899036   0.01299669 -0.02782891]

[-0.16577722 -0.3900045   0.02433178 -0.00098432]

[-0.16556715 -0.3899176   0.0356179   0.02577249]

[-0.16527819 -0.38964356  0.04684983  0.052429  ]

[-0.16491074 -0.38918313  0.05802235  0.07897277]

[-0.16446522 -0.38853713  0.06913031  0.10539146]

[-0.16394211 -0.38770649  0.0801686   0.13167283]

[-0.16334191 -0.38669221  0.09113217  0.15780473]

[-0.16266517 -0.38549539  0.10201601  0.18377516]

[-0.16191245 -0.38411719  0.11281518  0.20957221]

[-0.16108438 -0.38255887  0.12352478  0.2351841 ]

[-0.16018159 -0.38082178  0.13413999  0.26059919]

[-0.15920477 -0.37890732  0.14465603  0.28580596]

[-0.15815463 -0.376817    0.15506821  0.31079304]

[-0.1570319  -0.3745524   0.16537188  0.33554921]

[-0.15583737 -0.37211518  0.17556248  0.36006339]

[-0.15457184 -0.36950706  0.18563551  0.38432466]

[-0.15323615 -0.36672986  0.19558655  0.40832229]

[-0.15183118 -0.36378547  0.20541125  0.43204567]

[-0.15035782 -0.36067583  0.21510534  0.4554844 ]

[-0.14881701 -0.35740299  0.22466464  0.47862825]

[-0.14720969 -0.35396904  0.23408503  0.50146716]

[-0.14553687 -0.35037616  0.24336249  0.52399128]

[-0.14379955 -0.34662658  0.25249309  0.54619094]

[-0.14199878 -0.34272261  0.26147297  0.56805669]

[-0.14013563 -0.33866662  0.27029839  0.58957926]

[-0.13821118 -0.33446106  0.27896568  0.6107496 ]

[-0.13622657 -0.33010841  0.28747128  0.63155891]

[-0.13418294 -0.32561125  0.29581171  0.65199857]

[-0.13208146 -0.32097218  0.30398363  0.67206023]

[-0.12992331 -0.31619389  0.31198375  0.69173574]

[-0.12770972 -0.31127911  0.31980894  0.71101723]

[-0.12544192 -0.30623062  0.32745615  0.72989709]

[-0.12312117 -0.30105127  0.33492247  0.74836795]

[-0.12074874 -0.29574395  0.34220509  0.76642276]

[-0.11832594 -0.2903116   0.34930135  0.78405472]

[-0.11585407 -0.2847572   0.3562087   0.80125737]

[-0.11333447 -0.27908379  0.36292476  0.81802456]

[-0.11076849 -0.27329443  0.36944727  0.83435048]

[-0.10815749 -0.26739223  0.37577417  0.85022973]

[-0.10550285 -0.26138035  0.38190354  0.86565728]

[-0.10280595 -0.25526196  0.38783368  0.88062856]

[-0.10006821 -0.24904028  0.39356312  0.8951395 ]

[-0.09729102 -0.24271855  0.39909061  0.90918657]

[-0.09447582 -0.23630002  0.40441522  0.9227669 ]

[-0.09162402 -0.22978798  0.40953634  0.93587833]

[-0.08873705 -0.22318571  0.41445377  0.9485196 ]

[-0.08581633 -0.21649651  0.41916781  0.96069047]

[-0.0828633  -0.20972367  0.4236794   0.97239199]

[-0.07987935 -0.20287048  0.42799023  0.98362676]

[-0.0768659  -0.19594019  0.43210308  0.99439941]

[-0.07382431 -0.18893602  0.43602204  1.00471709]

[-0.07075592 -0.18186111  0.43975313  1.01459039]

[-0.06766202 -0.17471853  0.44330494  1.02403432]

[-0.06454383 -0.16751123  0.44668974  1.03307002]

[-0.06140245 -0.16024196  0.44992519  1.04172698]

[-0.05823886 -0.15291324  0.45303691  1.05004644]

[-0.05505379 -0.14552725  0.45606265  1.05808634]

[-0.05184766 -0.13808567  0.45905906  1.06592871]

[-0.0486204  -0.1305895   0.46211293  1.07369049]

[-0.04537116 -0.12303876  0.46536015  1.08153944]

[-0.04209788 -0.11543204  0.46901787  1.0897159 ]

[-0.03879657 -0.10776592  0.47343911  1.09855852]

[-0.03546    -0.10003422  0.4792011   1.10851982]

[-0.03207577 -0.09222727  0.48723153  1.12011999]

[-0.02862341 -0.08433217  0.49891976  1.13369082]

[-0.02507137 -0.07633638  0.51595759  1.14860413]

[-0.02137791 -0.06823934  0.53924971  1.16179838]

[-0.01750477 -0.06007349  0.56644951  1.16704753]

[-0.0134464  -0.05191618  0.59077617  1.15896172]

[-0.0092479  -0.04385787  0.60581086  1.13994331]

[-0.00497941 -0.03594653  0.61120951  1.11844478]

[-6.95706093e-04 -2.81747895e-02  6.10893659e-01  1.10070220e+00]

[ 0.00357741 -0.02050875  0.60870295  1.0882466 ]

[ 0.00783584 -0.01291384  0.60697534  1.08016289]

[ 0.01208739 -0.00536457  0.6068553   1.0749767 ]

[0.01634481 0.00215431 0.60862992 1.07125444]

[0.02061992 0.00964832 0.61173634 1.06767471]

[0.02491742 0.01711445 0.61470411 1.06314196]

[0.02922925 0.02454348 0.615479   1.05703076]

[0.0335334  0.03192379 0.61229598 1.0492575 ]

[0.0377993  0.03924434 0.60459204 1.04000825]

[0.04199751 0.04649546 0.59321159 1.02946461]

[0.04610782 0.0536687  0.57979391 1.01782218]

[0.05012175 0.06075739 0.56592667 1.00539382]

[0.05404015 0.06775736 0.55264637 0.99256192]

[0.05786898 0.07466699 0.54039513 0.97964915]

[0.06161576 0.08148645 0.52921302 0.96684596]

[0.06528752 0.0882168  0.51894652 0.95421755]

[0.06888993 0.09485923 0.50938541 0.94174653]

[0.07242723 0.10141468 0.50032977 0.92937464]

[0.07590235 0.10788357 0.49161369 0.91703091]

[0.0793172  0.11426587 0.48310826 0.90464679]

[0.0826729  0.12056107 0.47471668 0.8921627 ]

[0.08596999 0.1267683  0.46636761 0.87952983]

[0.08920856 0.13288637 0.45800899 0.86670966]

[0.09238842 0.13891387 0.44960307 0.85367264]

[0.09550913 0.1448492  0.44112267 0.84039671]

[0.0985701  0.15069061 0.43254836 0.82686582]

[0.10157062 0.15643628 0.42386646 0.81306876]

[0.1045099  0.16208433 0.41506756 0.79899818]

[0.10738709 0.16763281 0.40614544 0.78464977]

[0.11020133 0.17307977 0.39709631 0.77002166]

[0.1129517  0.17842325 0.38791823 0.75511393]

[0.11563732 0.18366129 0.3786107  0.73992822]

[0.11825726 0.18879197 0.3691743  0.72446746]

[0.12081063 0.19381336 0.35961052 0.7087356 ]

[0.12329655 0.19872358 0.34992152 0.69273747]

[0.12571415 0.20352078 0.34011004 0.67647857]

[0.12806258 0.20820316 0.33017927 0.65996504]

[0.13034102 0.21276896 0.32013275 0.64320348]

[0.13254866 0.21721646 0.30997434 0.62620093]

[0.13468475 0.221544   0.29970816 0.60896478]

[0.13674854 0.22574998 0.28933854 0.59150276]

[0.13873931 0.22983282 0.27886996 0.57382284]

[0.1406564  0.23379105 0.26830709 0.55593323]

[0.14249916 0.23762321 0.25765471 0.53784236]

[0.14426698 0.24132793 0.2469177  0.51955882]

[0.14595929 0.24490388 0.23610104 0.50109138]

[0.14757553 0.24834982 0.22520981 0.48244892]

[0.14911522 0.25166454 0.21424912 0.46364047]

[0.15057787 0.25484692 0.20322418 0.44467516]

[0.15196307 0.25789588 0.19214021 0.42556221]

[0.1532704  0.26081043 0.1810025  0.40631093]

[0.15449952 0.26358963 0.16981636 0.38693071]

[0.15565011 0.2662326  0.15858714 0.36743098]

[0.15672188 0.26873855 0.1473202  0.34782125]

[0.15771458 0.27110674 0.13602093 0.32811106]

[0.15862802 0.27333649 0.12469471 0.30830999]

[0.15946201 0.27542721 0.11334697 0.28842767]

[0.16021642 0.27737836 0.10198309 0.26847373]

[0.16089117 0.27918946 0.09060849 0.24845782]

[0.1614862  0.28086012 0.07922858 0.22838961]

[0.16200148 0.28239002 0.06784874 0.20827877]

[0.16243705 0.28377887 0.05647435 0.18813497]

[0.16279294 0.28502649 0.0451108  0.16796786]

[0.16306927 0.28613274 0.03376343 0.14778709]

[0.16326615 0.28709757 0.02243756 0.12760229]

[0.16338377 0.28792097 0.0111385  0.10742306]

[ 1.63422323e-01  2.88603032e-01 -1.28471434e-04  8.72589622e-02]

[ 0.16338206  0.28914388 -0.01135811  0.06711954]

[ 0.16326325  0.28954373 -0.02254519  0.0470143 ]

[ 0.16306622  0.28980284 -0.03368456  0.02695267]

[ 0.16279132  0.28992156 -0.04477106  0.00694405]

[ 0.16243893  0.2899003  -0.0557996  -0.0130022 ]

[ 0.16200949  0.28973952 -0.06676513 -0.03287682]

[ 0.16150344  0.28943975 -0.07766264 -0.05267058]

[ 0.16092129  0.2890016  -0.08848718 -0.07237435]

[ 0.16026357  0.28842573 -0.09923385 -0.09197905]

[ 0.15953082  0.28771286 -0.1098978  -0.11147569]

[ 0.15872366  0.28686378 -0.12047423 -0.13085538]

[ 0.15784271  0.28587934 -0.13095842 -0.1501093 ]

[ 0.15688863  0.28476046 -0.1413457  -0.16922874]

[ 0.15586213  0.2835081  -0.15163147 -0.18820507]

[ 0.15476392  0.28212331 -0.16181119 -0.20702979]

[ 0.15359476  0.28060716 -0.1718804  -0.22569449]

[ 0.15235545  0.27896081 -0.18183472 -0.24419088]

[ 0.1510468   0.27718548 -0.19166981 -0.2625108 ]

[ 0.14966967  0.27528242 -0.20138145 -0.2806462 ]

[ 0.14822494  0.27325295 -0.21096548 -0.29858916]

[ 0.14671351  0.27109845 -0.22041784 -0.31633192]

[ 0.14513632  0.26882035 -0.22973453 -0.33386683]

[ 0.14349433  0.26642014 -0.23891166 -0.3511864 ]

[ 0.14178854  0.26389934 -0.24794543 -0.36828329]

[ 0.14001996  0.26125955 -0.25683214 -0.38515034]

[ 0.13818964  0.25850239 -0.26556819 -0.40178052]

[ 0.13629865  0.25562956 -0.27415007 -0.41816702]

[ 0.13434807  0.25264278 -0.2825744  -0.43430317]

[ 0.13233902  0.24954383 -0.2908379  -0.45018251]

[ 0.13027265  0.24633453 -0.29893742 -0.46579878]

[ 0.1281501   0.24301674 -0.30686993 -0.48114595]

[ 0.12597256  0.23959238 -0.31463253 -0.4962182 ]

[ 0.12374124  0.23606339 -0.32222248 -0.51100995]

[ 0.12145734  0.23243175 -0.32963716 -0.52551589]

[ 0.11912211  0.22869948 -0.33687415 -0.539731  ]

[ 0.1167368   0.22486864 -0.34393119 -0.55365054]

[ 0.11430268  0.22094132 -0.35080619 -0.5672701 ]

[ 0.11182103  0.21691962 -0.3574973  -0.58058563]

[ 0.10929314  0.2128057  -0.36400289 -0.59359349]

[ 0.10672032  0.20860172 -0.37032164 -0.60629053]

[ 0.10410389  0.20430987 -0.37645249 -0.61867408]

[ 0.10144515  0.19993235 -0.38239476 -0.63074206]

[ 0.09874544  0.19547138 -0.38814817 -0.64249308]

[ 0.09600608  0.19092918 -0.3937129  -0.65392649]

[ 0.09322838  0.18630799 -0.39908978 -0.66504263]

[ 0.09041366  0.18161    -0.40428034 -0.67584299]

[ 0.08756322  0.17683744 -0.40928701 -0.68633039]

[ 0.08467833  0.17199248 -0.41411331 -0.69650928]

[ 0.08176024  0.16707726 -0.41876421 -0.70638616]

[ 0.07881016  0.16209386 -0.42324655 -0.71597015]

[ 0.07582923  0.1570443  -0.42756963 -0.72527364]

[ 0.07281853  0.15193048 -0.43174592 -0.73431307]

[ 0.06977904  0.14675419 -0.43579235 -0.74311029]

[ 0.06671158  0.14151702 -0.43973196 -0.7516942 ]

[ 0.06361681  0.13622035 -0.44359614 -0.76010272]

[ 0.0604951   0.13086522 -0.44742841 -0.768386  ]

[ 0.05734647  0.12545231 -0.4512895  -0.77661015]

[ 0.05417045  0.11998174 -0.45526534 -0.78486251]

[ 0.05096583  0.11445291 -0.45947905 -0.79325814]

[ 0.04773034  0.10886432 -0.46410907 -0.80194728]

[ 0.04446022  0.10321328 -0.46941612 -0.8111219 ]

[ 0.04114948  0.09749557 -0.47578199 -0.82101581]

[ 0.03778886  0.09170527 -0.48375991 -0.83188359]

[ 0.0343645   0.08583478 -0.49412439 -0.84392477]

[ 0.0308563   0.07987583 -0.50787102 -0.85708693]

[ 0.02723684  0.07382251 -0.52603251 -0.87065277]

[ 0.02347297  0.06767811 -0.5490634  -0.88260781]

[ 0.01953371  0.06146593 -0.57565559 -0.88927018]

[ 0.01540668  0.05523816 -0.60177526 -0.8864829 ]

[ 0.01111448  0.04906838 -0.62195858 -0.87291061]

[ 0.00671227  0.04302215 -0.63300003 -0.85215939]

[ 0.00226284  0.03712878 -0.63588838 -0.83023472]

[-0.00218785  0.0313795  -0.63395669 -0.81151777]

[-0.00661772  0.02574486 -0.63039507 -0.79758214]

[-0.01102351  0.02019149 -0.62736044 -0.78820128]

[-0.0154139   0.0146905  -0.62616869 -0.78245451]

[-0.01980495  0.00922027 -0.62766435 -0.77922521]

[-0.02421757  0.0037675  -0.63239087 -0.77723394]

[-0.02867519 -0.00167109 -0.64047688 -0.77488026]

[-0.03319965 -0.0070862  -0.65127405 -0.77017847]

[-0.0378044  -0.01245413 -0.66299835 -0.76111468]

[-0.04248669 -0.01773946 -0.6729131  -0.74654188]

[-0.04722413 -0.02290452 -0.67838905 -0.72703793]

[-0.05198023 -0.02792167 -0.67818589 -0.70475709]

[-0.05671604 -0.03278052 -0.67279616 -0.68224255]

[-0.06140018 -0.03748639 -0.66371562 -0.66130434]

[-0.06601247 -0.04205359 -0.65252256 -0.64271369]

[-0.0705425  -0.04649895 -0.6403939  -0.62649049]

[-0.07498646 -0.05083798 -0.62804032 -0.61229569]

[-0.07934419 -0.05508339 -0.61582116 -0.59969614]

[-0.08361724 -0.05924491 -0.60387888 -0.58829011]

[-0.08780767 -0.06332971 -0.59223849 -0.57774814]

[-0.09191751 -0.0673429  -0.58086886 -0.56781504]

[-0.09594848 -0.07128804 -0.56971678 -0.55829831]

[-0.0999019  -0.07516753 -0.55872433 -0.54905435]

[-0.1037787  -0.07898289 -0.54783707 -0.53997639]

[-0.10757943 -0.08273497 -0.53700727 -0.53098486]

[-0.11130436 -0.08642418 -0.52619473 -0.52202036]

[-0.1149535  -0.09005053 -0.51536642 -0.51303834]

[-0.11852662 -0.09361378 -0.50449574 -0.50400538]

[-0.12202336 -0.09711349 -0.49356155 -0.49489638]

[-0.12544321 -0.10054905 -0.48254735 -0.48569256]

[-0.12878557 -0.10391974 -0.47144047 -0.47637999]

[-0.13204974 -0.10722476 -0.46023141 -0.46694849]

[-0.135235   -0.11046327 -0.44891327 -0.4573908 ]

[-0.13834055 -0.11363434 -0.4374813  -0.44770197]

[-0.1413656  -0.11673705 -0.42593253 -0.43787888]

[-0.1443093  -0.11977046 -0.41426545 -0.42791989]

[-0.14717084 -0.12273361 -0.40247976 -0.41782458]

[-0.14994938 -0.12562554 -0.39057619 -0.40759347]

[-0.15264411 -0.12844532 -0.37855629 -0.39722791]

[-0.15525421 -0.13119199 -0.36642233 -0.3867299 ]

[-0.1577789  -0.13386465 -0.35417718 -0.37610201]

[-0.1602174  -0.13646239 -0.3418242  -0.36534727]

[-0.16256898 -0.13898434 -0.32936721 -0.35446911]

[-0.16483293 -0.14142965 -0.31681035 -0.3434713 ]

[-0.16700855 -0.14379749 -0.30415811 -0.33235789]

[-0.16909519 -0.14608706 -0.29141522 -0.32113317]

[-0.17109224 -0.1482976  -0.27858666 -0.30980167]

[-0.17299912 -0.15042838 -0.26567759 -0.29836809]

[-0.17481528 -0.15247871 -0.25269335 -0.28683728]

[-0.17654021 -0.15444791 -0.23963941 -0.27521424]

[-0.17817344 -0.15633536 -0.22652139 -0.26350409]

[-0.17971454 -0.15814047 -0.21334498 -0.25171207]

[-0.18116313 -0.15986268 -0.20011601 -0.23984347]

[-0.18251886 -0.16150147 -0.18684034 -0.22790371]

[-0.18378142 -0.16305637 -0.17352392 -0.21589825]

[-0.18495055 -0.16452693 -0.16017275 -0.20383261]

[-0.18602602 -0.16591276 -0.14679288 -0.19171237]

[-0.18700765 -0.16721348 -0.13339037 -0.17954315]

[-0.18789531 -0.16842878 -0.11997135 -0.16733059]

[-0.18868891 -0.16955836 -0.10654193 -0.15508039]

[-0.18938838 -0.170602   -0.09310824 -0.14279823]

[-0.18999373 -0.17155948 -0.07967644 -0.13048985]

[-0.19050499 -0.17243064 -0.06625265 -0.11816097]

[-0.19092223 -0.17321535 -0.05284301 -0.10581732]

[-0.19124558 -0.17391354 -0.03945365 -0.09346465]

[-0.1914752  -0.17452516 -0.02609068 -0.08110867]

[-0.19161129 -0.17505021 -0.01276016 -0.06875512]

[-0.19165411 -0.17548872  0.00053184 -0.05640969]

[-0.19160394 -0.17584077  0.01377929 -0.04407809]

[-0.19146112 -0.17610647  0.02697621 -0.03176597]

[-0.19122603 -0.17628599  0.04011665 -0.01947899]

[-0.19089907 -0.17637952  0.05319472 -0.00722274]

[-0.19048072 -0.1763873   0.06620455  0.00499719]

[-0.18997145 -0.17630959  0.07914035  0.01717527]

[-0.18937183 -0.17614671  0.09199638  0.02930601]

[-0.18868242 -0.17589902  0.10476696  0.04138395]

[-0.18790384 -0.17556689  0.11744647  0.05340369]

[-0.18703674 -0.17515077  0.13002937  0.0653599 ]

[-0.18608184 -0.1746511   0.1425102   0.0772473 ]

[-0.18503986 -0.1740684   0.15488356  0.08906066]

[-0.18391156 -0.17340319  0.16714416  0.10079483]

[-0.18269777 -0.17265605  0.17928677  0.11244475]

[-0.18139932 -0.17182759  0.19130627  0.1240054 ]

[-0.1800171  -0.17091846  0.20319763  0.13547187]

[-0.17855202 -0.16992932  0.21495594  0.14683933]

[-0.17700503 -0.16886089  0.22657638  0.15810305]

[-0.17537711 -0.16771392  0.23805425  0.16925839]

[-0.17366928 -0.16648917  0.24938498  0.18030082]

[-0.17188258 -0.16518745  0.26056411  0.19122594]

[-0.17001809 -0.16380961  0.27158734  0.20202945]

[-0.16807692 -0.1623565   0.2824505   0.21270719]

[-0.16606021 -0.16082903  0.29314958  0.22325513]

[-0.16396911 -0.15922811  0.30368072  0.23366943]

[-0.16180482 -0.1575547   0.31404025  0.24394635]

[-0.15956856 -0.15580977  0.32422469  0.25408239]

[-0.15726155 -0.15399432  0.33423075  0.2640742 ]

[-0.15488506 -0.15210938  0.34405538  0.27391867]

[-0.15244038 -0.15015597  0.35369575  0.28361291]

[-0.1499288  -0.14813518  0.3631493   0.29315427]

[-0.14735164 -0.14604807  0.37241376  0.3025404 ]

[-0.14471024 -0.14389574  0.38148719  0.31176928]

[-0.14200593 -0.1416793   0.390368    0.32083924]

[-0.13924007 -0.13939987  0.399055    0.329749  ]

[-0.13641402 -0.13705857  0.40754748  0.33849774]

[-0.13352915 -0.13465653  0.41584518  0.34708517]

[-0.13058681 -0.13219489  0.42394846  0.35551155]

[-0.12758838 -0.12967476  0.43185837  0.36377786]

[-0.12453519 -0.12709727  0.43957673  0.37188589]

[-0.12142858 -0.12446351  0.44710629  0.37983832]

[-0.11826987 -0.12177457  0.45445085  0.3876389 ]

[-0.11506032 -0.11903148  0.46161544  0.39529263]

[-0.11180119 -0.11623526  0.46860664  0.40280599]

[-0.10849365 -0.11338686  0.47543281  0.41018718]

[-0.10513883 -0.11048717  0.48210448  0.41744645]

[-0.10173776 -0.10753701  0.48863473  0.42459638]

[-0.09829139 -0.10453709  0.49503983  0.43165231]

[-0.09480051 -0.10148801  0.50133987  0.43863282]

[-0.09126579 -0.09839021  0.50755965  0.44556004]

[-0.08768768 -0.09524399  0.51372969  0.45246019]

[-0.0840664  -0.09204942  0.51988754  0.45936376]

[-0.08040189 -0.08880637  0.52607937  0.46630541]

[-0.07669371 -0.08551443  0.53236179  0.47332341]

[-0.07294099 -0.08217294  0.53880393  0.48045793]

[-0.06914233 -0.07878093  0.54548969  0.4877471 ]

[-0.06529569 -0.07533721  0.55251958  0.4952207 ]

[-0.06139824 -0.07184044  0.56001146  0.5028881 ]

[-0.05744629 -0.06828934  0.56809828  0.51071988]

[-0.05343519 -0.06468304  0.57691972  0.51861947]

[-0.04935932 -0.0610217   0.58660217  0.52638486]

[-0.04521234 -0.0573074   0.59722013  0.5336642 ]

[-0.04098776 -0.0535453   0.60873187  0.53992049]

[-0.03668003 -0.049745    0.62089251  0.54443759]

[-0.03228626 -0.04592148  0.63317185  0.54641421]

[-0.02780839 -0.04209508  0.64474151  0.54517695]

[-0.02325483 -0.03828952  0.65460785  0.54047025]

[-0.01864075 -0.03452819  0.66190145  0.53267458]

[-0.01398599 -0.03082954  0.66619688  0.5227805 ]

[-0.0093113  -0.02720378  0.66766682  0.51209308]

[-0.00463434 -0.02365201  0.6669854   0.50184221]

[ 3.29861725e-05 -2.01678363e-02  6.65081074e-01  4.92912599e-01]

[ 0.00468549 -0.01674012  0.66290625  0.48577124]

[ 0.00932434 -0.01335577  0.66131648  0.48052937]

[ 0.01395629 -0.01000187  0.6610534   0.47703797]

[ 0.018593   -0.00666727  0.66277786  0.47494835]

[ 0.02325053 -0.00334393  0.66709324  0.47371017]

[ 2.79488914e-02 -2.85787191e-05  6.74499890e-01  4.72506303e-01]

[0.03271076 0.00327512 0.68521917 0.47015087]

[0.03755844 0.00655369 0.69884598 0.46503135]

[0.04250786 0.00978121 0.71390545 0.4552651 ]

[0.04756012 0.01291914 0.72765242 0.43927053]

[0.05269403 0.01592161 0.73664872 0.41668909]

[0.05786596 0.01874661 0.73820228 0.38901316]

[0.06302018 0.02136813 0.73168422 0.35914825]

[0.06810427 0.02378173 0.71855027 0.33010788]

[0.07308018 0.02600104 0.70122302 0.30392781]

[0.07792674 0.02804964 0.68195167 0.28142957]

[0.08263622 0.02995352 0.66229628 0.26256639]

[0.08720935 0.03173665 0.64312912 0.24686659]

[0.0916511  0.03341912 0.62483379 0.23373976]

[0.09596805 0.03501698 0.60750597 0.22263007]

[0.10016684 0.03654268 0.59109477 0.21307153]

[0.10425353 0.03800573 0.57548704 0.20469497]

[0.1082333  0.03941337 0.56055235 0.19721611]

[0.1121104  0.0407711  0.54616474 0.19041896]

[0.11588827 0.04208311 0.53221182 0.18414021]

[0.11956961 0.04335257 0.51859738 0.17825635]

[0.1231565  0.0445819  0.50524104 0.17267369]

[0.12665051 0.04577295 0.49207657 0.16732082]

[0.13005279 0.04692714 0.47904995 0.16214305]

[0.13336415 0.04804554 0.46611739 0.15709825]

[0.13658511 0.04912895 0.45324355 0.1521538 ]

[0.13971598 0.050178   0.44040009 0.14728434]

[0.1427569  0.05119313 0.42756441 0.14247008]

[0.14570785 0.05217467 0.4147186  0.13769553]

[0.14856871 0.05312286 0.40184861 0.13294857]

[0.15133928 0.05403785 0.38894359 0.12821973]

[0.15401927 0.05491976 0.37599533 0.12350162]

[0.15660837 0.05576862 0.36299779 0.11878852]

[0.1591062  0.05658446 0.34994675 0.11407604]

[0.16151239 0.05736728 0.33683952 0.10936089]

[0.16382654 0.05811703 0.32367469 0.10464064]

[0.16604824 0.05883369 0.31045191 0.09991359]

[0.16817708 0.05951721 0.29717174 0.09517863]

[0.17021268 0.06016751 0.28383552 0.09043513]

[0.17215463 0.06078454 0.27044524 0.08568288]

[0.17400258 0.06136825 0.25700344 0.08092199]

[0.17575617 0.06191857 0.24351315 0.07615288]

[0.17741507 0.06243544 0.2299778  0.07137619]

[0.17897899 0.06291882 0.21640117 0.06659276]

[0.18044763 0.06336866 0.20278733 0.06180361]

[0.18182077 0.06378492 0.18914063 0.05700988]

[0.18309819 0.06416759 0.17546562 0.05221287]

[0.1842797  0.06451663 0.16176703 0.04741393]

[0.18536515 0.06483205 0.14804977 0.04261455]

[0.18635444 0.06511384 0.13431887 0.03781626]

[0.18724748 0.06536201 0.12057947 0.03302064]

[0.18804423 0.0655766  0.1068368  0.02822935]

[0.18874469 0.06575763 0.09309617 0.02344407]

[0.1893489  0.06590516 0.07936293 0.01866651]

[0.18985692 0.06601925 0.06564249 0.01389842]

[0.19026886 0.06609996 0.05194029 0.00914155]

[0.19058486 0.06614739 0.03826176 0.00439766]

[ 0.19080512  0.06616162  0.02461237 -0.00033146]

[ 0.19092986  0.06614278  0.01099755 -0.00504405]

[ 0.19095934  0.06609098 -0.00257729 -0.00973833]

[ 0.19089385  0.06600635 -0.01610673 -0.01441255]

[ 0.19073374  0.06588905 -0.02958544 -0.01906497]

[ 0.19047937  0.06573923 -0.04300811 -0.02369386]

[ 0.19013116  0.06555706 -0.0563695  -0.02829752]

[ 0.18968956  0.06534273 -0.06966444 -0.03287427]

[ 0.18915505  0.06509643 -0.08288785 -0.03742249]

[ 0.18852815  0.06481836 -0.09603473 -0.04194057]

[ 0.18780941  0.06450875 -0.1091002  -0.04642695]

[ 0.18699942  0.06416781 -0.12207949 -0.05088015]

[ 0.1860988   0.06379579 -0.13496797 -0.0552987 ]

[ 0.1851082   0.06339294 -0.14776114 -0.05968122]

[ 0.1840283   0.06295951 -0.16045468 -0.06402642]

[ 0.18285983  0.06249576 -0.17304444 -0.06833305]

[ 0.18160351  0.06200198 -0.18552648 -0.07259998]

[ 0.18026012  0.06147844 -0.19789707 -0.07682617]

[ 0.17883044  0.06092543 -0.21015274 -0.0810107 ]

[ 0.17731531  0.06034325 -0.22229027 -0.08515278]

[ 0.17571555  0.0597322  -0.23430676 -0.08925177]

[ 0.17403202  0.05909258 -0.24619966 -0.09330718]

[ 0.17226559  0.0584247  -0.25796679 -0.09731874]

[ 0.17041717  0.05772886 -0.26960642 -0.10128639]

[ 0.16848763  0.05700537 -0.2811173  -0.10521032]

[ 0.16647789  0.05625454 -0.29249873 -0.10909105]

[ 0.16438885  0.05547666 -0.30375068 -0.1129294 ]

[ 0.16222142  0.05467204 -0.31487378 -0.11672661]

[ 0.1599765   0.05384095 -0.32586958 -0.12048443]

[ 0.15765497  0.05298366 -0.33674056 -0.12420516]

[ 0.1552577   0.05210042 -0.34749036 -0.12789181]

[ 0.15278551  0.05119145 -0.35812393 -0.13154819]

[ 0.1502392   0.05025696 -0.36864777 -0.13517911]

[ 0.14761951  0.04929709 -0.37907023 -0.1387906 ]

[ 0.14492711  0.04831197 -0.38940187 -0.1423902 ]

[ 0.14216261  0.04730164 -0.39965584 -0.14598732]

[ 0.13932648  0.04626608 -0.40984839 -0.14959361]

[ 0.13641908  0.04520518 -0.41999957 -0.15322363]

[ 0.13344064  0.04411871 -0.43013396 -0.15689562]

[ 0.13039115  0.04300629 -0.44028165 -0.16063242]

[ 0.12727041  0.04186738 -0.45047938 -0.16446279]

[ 0.1240779   0.0407012  -0.46077203 -0.16842316]

[ 0.12081279  0.03950669 -0.4712143  -0.17255993]

[ 0.1174738   0.0382824  -0.48187279 -0.17693241]

[ 0.11405913  0.03702642 -0.49282821 -0.18161705]

[ 0.11056637  0.03573625 -0.50417788 -0.18671281]

[ 0.10699238  0.03440857 -0.51603783 -0.19234831]

[ 0.10333311  0.03303903 -0.52854393 -0.19869133]

[ 0.09958349  0.03162195 -0.54184984 -0.20596065]

[ 0.09573736  0.03014988 -0.5561192  -0.21444018]

[ 0.09178742  0.02861311 -0.57150457 -0.22449331]

[ 0.08772545  0.0269991  -0.58810318 -0.23657212]

[ 0.08354298  0.02529182 -0.60587058 -0.2512077 ]

[ 0.07923279  0.0234714  -0.62447006 -0.26895353]

[ 0.07479165  0.02151441 -0.64304426 -0.29023387]

[ 0.07022497  0.01939575 -0.65995271 -0.31504087]

[ 0.06555281  0.01709316 -0.67266591 -0.34248682]

[ 0.06081506  0.01459487 -0.67819493 -0.37043448]

[ 0.05607073  0.01190813 -0.67432228 -0.39571226]

[ 0.0513872   0.0090629  -0.66107969 -0.41524897]

[ 0.04682218  0.00610601 -0.64110404 -0.42749949]

[ 0.04240925  0.00308792 -0.61833029 -0.43293992]

[ 3.81552028e-02  5.05214421e-05 -5.96229314e-01 -4.33362088e-01]

[ 0.03404706 -0.00297837 -0.57691973 -0.43083837]

[ 0.03006169 -0.00598445 -0.56124521 -0.42709631]

[ 0.02617317 -0.00896377 -0.54923545 -0.42336719]

[ 0.02235698 -0.0119195  -0.54052388 -0.42047504]

[ 0.01859175 -0.01485958 -0.53459916 -0.41897881]

[ 0.01485987 -0.01779529 -0.53091466 -0.41928735]

[ 0.01114759 -0.02074046 -0.52890756 -0.421727  ]

[ 0.00744525 -0.02371098 -0.52796693 -0.42656103]

[ 0.00374782 -0.0267243  -0.52737778 -0.43396053]

[ 5.57768507e-05 -2.97985259e-02 -5.26266414e-01 -4.43926063e-01]

[-0.00362362 -0.03295083 -0.52358248 -0.45616729]

[-0.00727533 -0.03619496 -0.51816567 -0.46997425]

[-0.01087628 -0.03953796 -0.50893844 -0.48415468]

[-0.01439703 -0.04297712 -0.49520943 -0.49713675]

[-0.01780554 -0.0464982  -0.47696835 -0.50728475]

[-0.02107248 -0.05007658 -0.45498632 -0.51333262]

[-0.02417614 -0.05368109 -0.43061664 -0.51471408]

[-0.02710517 -0.05727927 -0.40539195 -0.51161226]

[-0.02985844 -0.06084202 -0.38063945 -0.50474622]

[-0.03244273 -0.06434621 -0.35727468 -0.49505993]

[-0.0348697  -0.06777536 -0.33578479 -0.48347015]

[-0.03715318 -0.0711189  -0.3163216  -0.47073165]

[-0.03930723 -0.07437083 -0.29882146 -0.45740107]

[-0.04134504 -0.07752843 -0.28310632 -0.44385601]

[-0.04327834 -0.0805911  -0.26895289 -0.43033423]

[-0.04511726 -0.08355953 -0.25613341 -0.41697358]

[-0.04687041 -0.08643512 -0.24443661 -0.40384482]

[-0.04854499 -0.08921962 -0.23367636 -0.3909758 ]

[-0.05014697 -0.09191487 -0.22369354 -0.37836832]

[-0.05168133 -0.09452266 -0.21435454 -0.36600925]

[-0.05315218 -0.09704466 -0.2055484  -0.35387768]

[-0.05456292 -0.09948238 -0.19718347 -0.34194944]

[-0.05591637 -0.10183716 -0.18918427 -0.33019974]

[-0.05721486 -0.10411017 -0.18148874 -0.31860471]

[-0.05846034 -0.1063024  -0.1740458  -0.30714229]

[-0.05965443 -0.10841473 -0.16681337 -0.29579254]

[-0.06079848 -0.11044787 -0.15975676 -0.28453781]

[-0.06189361 -0.11240243 -0.15284731 -0.27336267]

[-0.06294077 -0.11427893 -0.14606131 -0.26225381]

[-0.06394075 -0.11607779 -0.13937914 -0.25119983]

[-0.06489423 -0.11779935 -0.13278451 -0.24019112]

[-0.06580177 -0.11944392 -0.12626396 -0.22921963]

[-0.06666385 -0.12101171 -0.11980632 -0.21827871]

[-0.06748086 -0.12250294 -0.11340234 -0.20736294]

[-0.06825317 -0.12391775 -0.1070444  -0.19646802]

[-0.06898108 -0.12525628 -0.10072623 -0.18559059]

[-0.06966483 -0.12651865 -0.0944427  -0.17472814]

[-0.07030467 -0.12770495 -0.08818965 -0.16387888]

[-0.07090079 -0.12881528 -0.08196373 -0.1530417 ]

[-0.07145337 -0.12984971 -0.07576226 -0.14221602]

[-0.07196257 -0.13080832 -0.06958319 -0.13140176]

[-0.07242856 -0.1316912  -0.06342493 -0.12059929]

[-0.07285146 -0.13249843 -0.05728633 -0.10980932]

[-0.07323141 -0.1332301  -0.05116659 -0.0990329 ]

[-0.07356855 -0.13388632 -0.04506524 -0.08827133]

[-0.073863   -0.13446718 -0.03898202 -0.07752616]

[-0.07411489 -0.13497281 -0.03291693 -0.06679914]

[-0.07432434 -0.13540335 -0.02687012 -0.05609216]

[-0.07449149 -0.13575894 -0.02084189 -0.04540727]

[-0.07461646 -0.13603974 -0.01483267 -0.03474661]

[-0.0746994  -0.13624594 -0.00884294 -0.0241124 ]

[-0.07474044 -0.13637772 -0.0028733  -0.01350689]

[-0.07473971 -0.1364353   0.00307567 -0.00293241]

[-0.07469738 -0.1364189   0.00900333  0.00760876]

[-0.07461359 -0.13632875  0.01490905  0.01811432]

[-0.0744885  -0.13616513  0.02079225  0.02858203]

[-0.07432226 -0.1359283   0.02665237  0.03900968]

[-0.07411505 -0.13561855  0.03248893  0.04939517]

[-0.07386702 -0.13523618  0.03830152  0.05973649]

[-0.07357835 -0.13478151  0.04408987  0.07003177]

[-0.0732492  -0.13425486  0.04985384  0.08027929]

[-0.07287975 -0.13365659  0.05559344  0.0904775 ]

[-0.07247017 -0.13298703  0.06130891  0.10062506]

[-0.07202062 -0.13224655  0.06700069  0.11072088]

[-0.07153127 -0.13143551  0.07266951  0.12076413]

[-0.07100228 -0.13055428  0.0783164   0.1307543 ]

[-0.07043379 -0.12960324  0.08394276  0.14069123]

[-0.06982595 -0.12858275  0.08955041  0.15057513]

[-0.06917887 -0.1274932   0.09514165  0.1604067 ]

[-0.06849267 -0.12633493  0.10071936  0.1701871 ]

[-0.06776741 -0.12510831  0.10628707  0.17991808]

[-0.06700317 -0.12381367  0.11184906  0.18960202]

[-0.06619996 -0.12245133  0.11741052  0.19924202]

[-0.06535776 -0.12102158  0.12297769  0.20884197]

[-0.06447652 -0.11952469  0.12855803  0.2184067 ]

[-0.0635561  -0.11796089  0.13416047  0.22794203]

[-0.06259631 -0.11633036  0.13979561  0.23745494]

[-0.06159689 -0.11463323  0.1454761   0.24695369]

[-0.06055747 -0.11286956  0.15121704  0.25644797]

[-0.05947755 -0.11103935  0.15703642  0.26594907]

[-0.05835652 -0.1091425   0.16295568  0.27547003]

[-0.0571936  -0.10717883  0.16900047  0.28502578]

[-0.05598779 -0.10514802  0.17520147  0.29463333]

[-0.05473787 -0.10304967  0.18159549  0.30431178]

[-0.05344235 -0.10088318  0.18822676  0.3140824 ]

[-0.05209938 -0.09864784  0.19514846  0.32396841]

[-0.05070671 -0.09634276  0.20242474  0.33399457]

[-0.04926159 -0.09396685  0.21013286  0.34418629]

[-0.04776068 -0.09151888  0.2183659   0.35456825]

[-0.04619992 -0.08899743  0.22723571  0.36516156]

[-0.0445744  -0.08640097  0.23687594  0.37597977]

[-0.04287817 -0.08372792  0.2474448   0.38702209]

[-0.04110411 -0.08097677  0.25912654  0.39826314]

[-0.03924368 -0.07814634  0.27213006  0.40963761]

[-0.03728686 -0.07523609  0.28668165  0.42101805]

[-0.03522198 -0.07224668  0.30300708  0.43218449]

[-0.03303592 -0.06918075  0.32129637  0.44278619]

[-0.03071451 -0.06604399  0.3416428   0.45230054]

[-0.02824352 -0.06284642  0.36395043  0.46000366]

[-0.02561043 -0.05960385  0.38781574  0.46498102]

[-0.02280692 -0.05633891  0.41241595  0.46622047]

[-0.01983206 -0.05308109  0.43647414  0.46282163]

[-0.01669516 -0.04986494  0.45839083  0.45430249]

[-0.01341691 -0.04672599  0.47657887  0.44088684]

[-0.01002781 -0.04369545  0.48990141  0.42359293]

[-0.00656371 -0.04079509  0.49799293  0.40402154]

[-0.00306017 -0.03803466  0.50128988  0.38393647]

[ 4.52489888e-04 -3.54122020e-02  5.00791315e-01  3.64861178e-01]

[ 0.00395193 -0.03291661  0.49772266  0.34786014]

[ 0.00742436 -0.03053104  0.49326686  0.33352229]

[ 0.01086369 -0.02823588  0.48842586  0.32206492]

[ 0.01427013 -0.02601092  0.48399151  0.31346937]

[ 0.01764875 -0.02383655  0.48057821  0.30759691]

[ 0.0210085  -0.02169431  0.47867747  0.30426819]

[ 0.02436146 -0.019567    0.47871081  0.30330828]

[ 0.02772259 -0.01743857  0.48106908  0.30456359]

[ 0.03110949 -0.01529399  0.48612943  0.30789457]

[ 0.03454234 -0.01311925  0.49423805  0.31314237]

[ 0.03804345 -0.0109017   0.50563648  0.32006064]

[ 0.041636   -0.00863104  0.52029636  0.32819951]

[ 0.0453412  -0.00630133  0.53762429  0.33673653]

[ 0.04917294 -0.00391424  0.5560493   0.34429478]

[ 0.05312959 -0.00148325  0.57268416  0.3488993 ]

[0.05718506 0.00096314 0.58354837 0.34834478]

[0.06128493 0.00338271 0.58484359 0.3411061 ]

[0.06535442 0.00572789 0.57483982 0.32728912]

[0.06931708 0.00795811 0.55477617 0.30868882]

[0.07311312 0.01004859 0.52789274 0.28781362]

[0.07670728 0.01199129 0.49767987 0.26680416]

[0.08008607 0.0137904  0.46676671 0.24697637]

[0.08325063 0.01545658 0.43671354 0.2289108 ]

[0.08620995 0.01700276 0.4082608  0.21272184]

[0.08897631 0.01844177 0.38164631 0.19828897]

[0.09156259 0.01978519 0.35684262 0.18540025]

[0.093981   0.02104304 0.33370171 0.17382673]

[0.09624253 0.02222378 0.31203361 0.16335547]

[0.09835683 0.02333445 0.29164548 0.15380119]

[0.10033222 0.02438092 0.27235894 0.14500789]

[0.10217587 0.02536807 0.25401642 0.13684632]

[0.1038939  0.02629992 0.23648199 0.12921017]

[0.10549155 0.02717984 0.21963992 0.12201218]

[0.10697332 0.02801065 0.20339231 0.11518061]

[0.10834309 0.0287947  0.18765653 0.10865632]

[0.10960418 0.02953396 0.17236287 0.10239033]

[0.11075948 0.03023011 0.15745239 0.09634183]

[0.11181149 0.03088453 0.14287517 0.09047666]

[0.11276241 0.03149841 0.12858876 0.084766  ]

[0.11361413 0.03207274 0.11455691 0.07918536]

[0.11436833 0.03260837 0.10074853 0.07371379]

[0.11502648 0.03310598 0.0871368  0.06833319]

